6225	1656	6559	4519	1454	3806	3098	6235	320	2087	
1457	1039	787	187	7235	5359	2017	9768	2399	2284	
6248	4506	5352	1013	5158	727	8670	8575	7821	6945	
4339	4364	7499	9471	3594	598	999	1510	5344	9388	
8723	1225	1536	3342	2795	4071	2413	4457	1868	3284	
945	4070	223	9970	5278	2142	5083	5302	1139	1813	
7069	8444	4085	6777	840	1486	1112	3754	2379	1684	
6917	9264	1808	3536	5376	1787	6269	3814	4302	188	
1032	7484	5065	8121	2156	2892	4726	5462	4371	8721	
6639	179	2053	7421	1527	4938	5260	4149	7119	5457	
6101	3266	6769	3082	9864	596	6057	6114	1572	2625	
5425	3727	3524	4929	5177	9022	4023	3652	5975	2631	
1074	7083	6744	1185	1919	1361	6057	6003	1924	7520	
7321	4277	3618	8784	9503	4116	4528	2761	4829	9353	
7505	3926	74	8755	3109	2919	6889	226	7563	477	
1234	752	3254	9674	2013	4155	3393	8831	5366	3902	
2211	7646	1354	6532	1180	1423	8696	5503	3165	1760	
8775	6484	7211	5593	3318	1143	3571	6952	7512	6260	
6690	2332	1230	3238	8115	1990	6077	5699	1684	9359	
2458	6433	6853	8035	818	1095	6376	3732	9228	6484	
4190	3288	8568	9225	5752	9953	5364	4442	8814	6705	
6750	4234	6873	3363	7978	4054	2592	8031	893	3667	
1921	2014	1849	2233	2255	7780	6567	8272	615	5271	
931	3353	2892	2348	9249	752	7524	4008	8384	788	
9386	7824	5916	7704	7219	8351	2100	7565	6094	7336	
3422	215	4534	9285	9550	901	9046	8408	6950	1752	
8585	1849	7549	7239	173	5337	8186	9925	1111	2318	
4769	1796	967	6875	9921	7923	1596	5463	8112	6368	
6064	6671	5621	8726	9945	4463	4039	1310	275	8765	
7975	4826	9915	1786	4232	721	181	6885	3071	255	
8935	1270	501	1831	6338	3058	4460	4431	921	5621	
1381	2531	7553	6206	8357	2162	1694	1226	2825	1255	
1027	8484	2452	2302	6365	8009	209	3272	3327	519	
5610	9568	6905	4148	2527	9777	4339	124	9719	8511	
2108	2120	3871	453	2625	7336	2268	250	8539	5322	
1102	3950	875	46	7048	7412	137	174	8080	9804	
5466	6256	9285	5681	2972	4788	9313	969	9754	1111	
3915	857	6146	2570	4596	1136	7222	2635	7488	6358	
5165	5046	2242	7775	8638	5157	7321	1432	7374	777	
9884	8254	4286	5460	5554	1386	5286	734	1486	6901	
8948	6036	2268	7033	7023	4425	6365	9511	2389	5209	
149	6391	4435	4445	1616	6440	1191	8672	1614	2037	
6316	8298	29	4150	9030	1332	7126	1388	719	2518	
489	8724	3318	3598	5327	6978	8138	2482	2542	9671	
4630	6266	3835	4484	8112	6573	2379	8667	7469	661	
7516	1179	2179	4144	5101	7239	8924	7712	7749	3525	
6416	6317	2847	6873	1372	5229	9942	7235	3563	262	
2069	6439	3975	1991	8226	4358	1053	7852	7563	1417	
9572	8224	72	1956	127	8081	6831	5919	5146	3950	
2303	8228	7315	6636	6325	2843	7368	6092	2276	1552	
1581	6517	5460	6818	4619	9947	7059	2991	9084	3394	
6190	8558	5796	2967	7922	9855	5253	7285	9072	918	
3250	4577	3867	5450	8197	1051	922	6147	5373	8766	
7293	4709	517	7263	4501	2899	7760	8181	6153	3790	
9422	9088	9546	3158	2331	100	794	9666	6999	5147	
4133	2114	2940	6396	2302	2266	3487	3117	1062	272	
6514	5763	6318	4977	2569	3181	7103	8040	2520	5954	
3427	1288	6142	8379	7498	98	522	6115	9350	5711	
701	180	63	8352	4462	1718	8711	5894	4777	2987	
5020	8395	1352	3306	4234	8424	2628	2689	9138	8232	
7578	8377	9059	460	896	7813	7164	6599	854	4454	
4148	4112	5143	3493	7143	9575	5456	8039	4995	7671	
5046	3037	3936	7912	2326	2173	4177	6795	3970	9137	
3238	382	5760	9117	8580	8007	4301	4651	3452	602	
4509	3027	9058	5336	3135	616	2630	4046	3583	8085	
5647	6393	3963	6166	3263	8898	150	5697	4271	9304	
5013	9109	8107	5161	2178	7149	8088	685	2935	4031	
1519	7258	5952	4615	2046	9549	9297	1425	4487	3164	
5318	6753	9539	5267	2006	9282	1485	8155	3390	8353	
7132	5256	6338	3054	5571	8864	9624	4062	9826	1886	
4737	2593	7149	9644	9953	201	1315	1401	8812	9080	
7178	370	1046	5061	5095	8033	6117	334	3887	9010	
1435	2706	6620	38	5231	2476	1003	9809	1364	950	
2540	6181	949	7184	8903	1659	6651	8883	7513	3426	
298	1328	262	9729	4297	2559	2419	288	6804	2906	
9633	6240	8496	4958	362	2001	5152	7917	646	6650	
7332	3829	5739	4967	8835	1531	8452	3593	3301	5053	
4966	6396	2756	4948	1260	7092	7734	2913	6031	7777	
6815	9620	1413	914	3041	3106	2976	7868	6628	8260	
2312	715	4925	7234	2156	5645	9324	7207	8272	8302	
1582	2838	5397	1030	8806	7556	1992	8070	4429	6113	
9473	5749	8575	1083	9054	2110	33	7537	4961	725	
9334	5894	6429	771	5789	1856	1407	6723	309	5819	
534	8170	1068	3858	4004	5602	6414	577	5693	6940	
4536	2265	266	3485	3552	6899	2689	6648	2257	6527	
1454	5925	2056	7841	5512	6720	3139	8638	5361	8411	
6532	4587	7386	3149	5528	2957	9688	2945	7915	704	
2546	3968	7870	9175	530	8965	8512	97	3742	2290	
6922	5315	1094	8270	6592	1251	9991	7134	5371	3486	
8722	4413	6826	1090	6196	1017	6757	468	1846	9551	
8544	6151	5807	7665	9809	96	6673	1587	2299	2220	
7256	652	1366	6207	5662	3046	3088	4686	1293	6622	
5104	2826	7098	7689	301	6213	312	9161	8923	4902	
7617	5688	6829	9200	7841	9673	903	4894	3943	8041	
4386	7529	1088	9362	1955	713	3315	2374	2249	9916	
9772	6791	6182	4824	4460	3035	616	8947	6066	6826	
6511	1454	9931	8389	5350	6714	4760	6053	2456	6990	
6560	2140	6067	5017	6923	82	5981	6907	2945	7537	
2174	1307	833	9986	3694	4756	1290	6756	8341	5164	
3735	4354	5725	7869	3295	4965	4992	7399	1332	6526	
435	1222	1626	4596	2821	8015	8161	5817	9028	2565	
9662	469	3094	8533	1344	528	5975	650	2497	2468	
2743	864	3190	191	8279	1215	2070	9522	8111	8679	
3981	6581	6897	7580	6947	5562	7148	3193	6970	8791	
137	3275	2123	3606	333	9771	1602	499	741	4686	
9947	5755	4717	7514	3202	3684	9152	2285	5923	649	
4527	683	2249	3275	439	5388	9871	5422	9111	5886	
1099	4457	7926	6196	5776	5516	7564	6893	1006	5236	
6935	3586	2527	2107	5904	1795	9880	8111	2188	6926	
8041	5080	7114	7331	2896	5235	5624	8408	7592	6241	
8868	6021	3153	450	1609	8981	3727	1244	4485	3879	
1714	1851	9267	1181	5817	5569	2994	2664	5982	5045	
4136	456	8441	139	105	4871	84	1767	6949	1497	
3187	2456	241	3788	770	9862	578	4979	8688	5089	
1767	3068	4841	3997	9359	6417	3826	5995	687	4262	
5294	8997	3505	5524	485	8401	4588	8684	8532	93	
9952	2399	8106	1468	5494	385	1970	2401	7243	3305	
5035	9430	7785	5488	3111	3824	3285	1541	1710	3043	
2844	4828	4607	8999	9599	4403	947	7473	4514	6804	
7974	68	3835	5547	6585	9099	1310	1171	935	5224	
1302	3110	3663	7040	5562	7060	1352	820	4751	7414	
4940	4294	7140	6083	1598	6583	4448	2654	6231	7353	
4110	7908	3164	4272	4953	6413	3831	106	5585	8326	
3801	1846	8976	8448	4662	643	6874	7918	8325	6428	
5488	3994	4806	3949	2260	9900	566	736	5039	607	
3720	5368	8905	9232	758	7545	9857	5095	807	3077	
2919	1916	5872	4028	5526	2734	7793	799	1363	5825	
9453	76	4975	7372	6758	9402	8821	1651	8986	6510	
6540	1840	7280	4697	7055	7671	957	568	3155	4201	
9997	3245	4897	4962	7431	7160	5763	8392	6938	2948	
8920	7520	6174	2051	2248	5259	4050	6906	5465	4101	
127	9762	1109	7151	1192	1937	383	4754	2641	9460	
8585	7024	9351	8144	6819	9417	3985	4484	3370	6060	
4421	7173	9174	7294	2319	5584	4820	776	3581	8282	
8837	3349	2086	1759	5350	87	914	4432	6929	3797	
7204	8152	549	4265	927	260	7508	2085	2377	5516	
3546	3145	908	2709	6918	9475	8747	6679	7388	2068	
4213	8495	2815	1255	3634	9542	4020	8219	4719	9464	
1592	6001	7515	6616	8096	1016	3878	3599	1970	7914	
3494	1303	4656	2338	3757	5194	6820	6450	7973	7014	
9711	3258	5522	4729	3202	4393	9080	7256	8188	7701	
9503	6387	1149	9756	7827	1240	8182	1940	2311	1271	
3695	3078	5340	1006	9722	3358	1864	3988	2504	4637	
930	8804	8343	7358	6174	3431	4734	3438	5523	3711	
4427	455	9943	3654	4348	6357	2552	9373	9968	9443	
1982	4975	8454	4251	7258	2221	5176	5408	8502	4304	
3067	6973	7652	7333	4197	4942	1342	4446	3759	6214	
9163	1109	3597	8741	8939	2342	6881	8567	1436	756	
7707	1914	5407	3081	66	5123	3654	4140	33	4410	
8336	5770	2931	7047	2928	2571	6043	6608	9271	5413	
9744	733	4866	8775	4881	7599	1520	3171	1136	109	
8353	9761	3699	695	3834	7236	50	3735	346	3070	
5492	3054	6607	2741	1282	3515	5402	746	9772	3756	
3561	5936	7501	5003	4727	5832	7270	5544	8508	5094	
6684	9204	2163	8247	2242	9529	6964	8303	6338	1899	
4772	1361	5566	9757	3860	9932	6385	113	1248	9217	
4653	4240	8885	6673	390	4385	6234	8608	141	7238	
8892	3343	2121	3839	1374	4206	5749	1450	7147	6142	
5793	1799	849	8053	5236	3040	644	1210	4979	2339	
5196	6110	3903	2624	7485	7269	2410	5285	8065	1896	
6764	8266	2558	7896	143	2218	3127	3648	3425	7653	
2330	7357	4861	3608	1427	9132	6270	1758	3301	4381	
3746	631	3370	6556	3148	6023	6485	9961	2688	3749	
5963	4136	5457	7368	5152	9588	288	9080	7255	4808	
5609	1477	511	6138	7030	9798	3384	1277	316	5115	
1947	1909	5943	3100	8741	2565	630	3519	9440	50	
1296	221	2841	5634	8738	7441	4811	9989	6199	6417	
4568	1236	3559	4017	9976	3512	9576	905	4732	8676	
5270	9736	8579	1190	6397	8629	7177	9735	1975	425	
4258	3899	5619	5285	4825	4564	5461	3759	3143	2018	
5764	1153	7151	7159	3971	6322	9158	205	9650	864	
2158	6249	8998	5584	2073	2305	4864	2145	6522	9101	
4953	5114	2387	1419	4394	8918	5282	6693	5946	3031	
1709	5733	6002	1471	4999	9347	5441	3071	1363	9345	
7695	7238	5219	7291	8599	4432	5286	5110	8641	142	
5761	9784	6639	4169	3499	6785	1680	1721	7563	3901	
8037	4283	1227	37	8244	7615	9514	4012	1140	3916	
2224	4514	3713	1802	7378	9285	6045	3209	1583	7822	
2248	3878	4811	3475	6994	7127	963	6680	3643	4025	
5642	1299	4555	2732	3540	6775	1817	2034	6524	8283	
4663	1128	766	5791	7650	1393	1975	6538	9276	214	
7039	4846	4368	8381	3679	9102	7588	1065	6707	5715	
2368	3200	8862	7804	1046	8735	1522	8223	5296	1475	
3941	654	6534	104	5848	5036	2504	1940	9323	142	
5723	3928	162	5310	1511	3416	245	4266	3038	2969	
8530	8314	3183	8919	8501	4539	3847	4236	5683	9796	
2176	3159	4414	9341	1095	4432	7061	9213	7103	4204	
352	6557	9077	9793	888	152	871	3420	9040	5247	
769	1880	9636	1944	1611	160	4222	7231	188	4827	
3591	1304	3840	1838	7900	8035	1977	8593	7072	6096	
6547	4288	5954	4671	3594	7796	5859	5846	4886	5075	
590	7569	3300	116	1039	4809	6775	9688	4230	4768	
3414	46	601	1217	5435	515	924	9125	803	5969	
9687	8588	1899	6839	1157	9842	2270	1487	2893	2033	
9442	2452	5503	6393	9714	7481	9214	5503	7583	5393	
5173	6106	5883	2052	2035	4124	1270	9978	8522	9883	
1591	7831	2020	4655	2795	9400	5935	2230	6847	3584	
3970	9419	3686	662	7902	6533	5292	5925	9834	3979	
5389	4478	5537	3203	6948	7890	8035	7348	3647	224	
2808	1406	8194	333	7021	9257	1781	9324	3360	3732	
9195	161	7394	5374	401	9678	7403	1816	8685	7238	
6308	4247	2129	1384	534	8663	730	1036	5157	4161	
1076	4298	4831	2393	7763	6240	8223	3129	8197	6562	
6162	592	5054	7216	9398	4288	7658	3774	8029	7656	
8996	5580	2394	9084	9983	9422	7801	3200	4863	9309	
1239	6206	1565	5317	5099	9098	4125	98	2426	2007	
4380	4507	5946	8807	3558	5286	4525	7711	9968	8267	
3484	7570	9116	6056	3077	1109	1256	645	554	7570	
189	5342	411	8657	9133	6096	8226	8665	51	2373	
7539	5714	1083	9246	8526	6360	3930	1518	4749	8447	
5780	9051	9815	2579	4171	3677	5384	821	677	8761	
4864	7329	5457	3564	5183	8411	1103	6244	6120	213	
6858	1075	9908	7456	4932	3762	4259	1729	1980	169	
430	8958	6441	3098	9607	1550	1491	1564	839	1734	
6278	1205	7069	4447	984	1929	6668	1545	5731	3154	
2707	8009	22	693	1657	5098	1818	5071	6105	587	
423	2168	6766	310	221	64	3708	4733	3507	2691	
1338	6887	543	3487	3756	3198	4508	106	2489	4299	
849	2823	6161	9009	5195	285	1393	6419	1834	1854	
8430	429	1631	7278	4446	2033	4674	8155	9867	21	
3790	4794	4834	9146	4639	7834	7848	1343	1400	5056	
8291	6177	5410	1490	4851	1354	420	1245	995	9782	
1740	2940	3629	1383	5874	2471	6422	7941	5664	7425	
9549	4473	3225	164	8237	5130	5655	6050	9995	8071	
3885	5870	2979	215	7547	1432	8368	7324	1740	8956	
3964	4788	5169	390	9925	5001	2997	6956	4969	4435	
3595	8063	7024	992	8813	6796	7119	4980	3523	7403	
5694	7871	1650	1274	4660	4035	5030	4109	4577	2585	
5645	1977	3554	6797	6845	1675	9604	560	254	5827	
9093	6932	8037	1704	2567	1439	8314	1253	9390	4147	
6010	8337	735	3772	3081	5097	6000	258	3843	8634	
8428	8875	9086	83	4227	9515	9003	4852	664	8814	
4052	3603	3846	2262	2246	1807	4709	6021	4477	2582	
5192	9362	5102	3922	2393	8657	9106	7875	1556	3338	
5521	6437	7275	6708	422	5888	902	3799	3963	6982	
4980	1440	425	4968	9523	1586	3830	640	3827	515	
9632	3120	9836	6239	2930	3297	162	3904	7585	9368	
5638	6443	5838	6107	8417	7823	6417	3573	6683	9065	
1698	4913	8180	6093	1588	9639	1905	2237	7922	7197	
1371	5878	103	6771	1512	4267	8782	5054	5801	5423	
1418	2024	7283	5751	5425	3606	5217	9658	196	1632	
348	5742	3730	392	8871	8007	6019	4448	9901	7699	
173	6042	2825	6155	1779	6436	8361	4965	7955	1252	
5098	8743	5690	2450	5648	4362	6592	8291	7707	4006	
6652	5901	4556	8979	141	7725	8926	2781	7907	5323	
8067	1006	9521	7429	5874	4204	6476	8424	3588	9105	
5262	3379	7390	9070	877	2449	5241	6694	9127	1700	
3369	5360	5263	6911	5703	6807	1020	8744	5404	4198	
6926	5639	9553	2423	3991	8875	6967	4471	6219	1117	
6997	3185	140	6189	8618	3869	8073	654	9646	1771	
3498	6364	564	7825	1364	8248	103	218	5237	2179	
7958	7890	7711	5921	2201	3895	5204	3657	7852	1588	
9391	5557	4305	9524	2072	965	3431	8348	8660	4554	
5878	302	3654	9994	6598	8497	8539	5449	7387	1404	
5290	17	2928	9076	6417	3758	4456	2761	3871	7771	
7289	2473	2957	2927	8329	4595	5371	3020	9313	7456	
6912	2303	9731	708	1661	5082	5273	5	1183	9312	
3521	2632	9296	2732	7762	9004	3394	6401	723	1165	
3205	7762	2797	4029	1597	7007	5328	6104	9278	3286	
6117	2646	3329	5360	8753	7863	129	9937	4104	4105	
591	2461	4342	9897	5146	1524	4035	2214	3463	1884	
7032	7141	3448	6830	5968	9674	8965	2620	6751	3638	
7592	2923	6859	7445	149	2119	6437	2272	9745	4471	
1131	5830	2504	8408	3971	2666	2251	236	657	6528	
5431	7771	215	937	8791	6460	8758	8335	4701	8867	
345	175	9328	1702	1680	6501	8901	6133	6879	1267	
7891	3852	2981	4177	3790	4516	900	8192	8274	8250	
8802	3410	5499	4664	4134	2726	3216	5534	7272	1062	
8166	8019	4810	1766	1330	5598	8717	1628	2935	808	
7870	9567	794	4579	1172	7792	8779	7449	2306	3009	
2979	6197	8920	7241	1837	2606	2713	6047	213	1480	
8674	71	9995	5471	8162	9718	7657	8861	48	4684	
2860	4747	9759	8760	8395	3689	6568	8171	8470	925	
5774	849	9339	2877	6679	7795	8521	850	6869	4811	
5421	3548	8161	8763	2017	6696	6622	4912	5090	9896	
7952	7737	6829	7951	8239	8972	4006	1794	7638	9205	
2257	8762	2041	9671	9535	5507	9881	8640	5736	8378	
2885	9064	810	9235	4039	6785	7999	7157	6834	3009	
2712	1273	8676	1056	8743	2272	7662	5776	4549	173	
490	2877	9175	394	1636	3697	5259	8207	978	45	
934	9227	4398	6822	7372	3922	5786	6422	1498	4662	
4697	874	3033	8094	8507	755	5952	2780	1937	2400	
7147	4577	7644	6483	7233	4312	6623	4762	2788	1218	
7624	4305	9019	3675	6775	4576	9770	208	9726	9784	
8098	6290	104	6810	1903	9936	4439	8763	9468	779	
6974	6615	5088	6747	9586	2594	9869	5507	4959	4206	
5392	8090	9091	1905	329	2329	5408	3552	7882	7946	
587	8904	8345	4430	7227	2361	5795	5152	5009	783	
7485	9600	9527	7405	9333	772	3903	6289	262	4869	
7985	5340	5566	1032	2626	9147	1470	9077	2548	9171	
8980	5294	4089	2171	7296	1325	4184	8712	6357	8302	
9627	2481	8389	6939	6840	5818	6900	4477	8359	1266	
2034	4340	5904	9959	8191	7178	1632	2835	403	5882	
630	4887	5503	4304	432	4690	7917	5933	7037	6270	
2795	9291	2121	5088	2704	6691	412	6279	2969	7627	
5896	3206	6087	488	4576	8786	4311	2554	2748	4272	
570	9710	7163	9491	3698	9991	9929	3043	5264	7212	
2996	3043	6894	9420	4834	8028	1372	3462	779	6801	
8516	5760	8655	9231	9044	4872	9875	4352	6288	7954	
1229	1401	1525	4227	1137	2511	822	4496	9713	2829	
7094	7503	8482	2798	6954	9640	5093	3278	8887	286	
3528	3033	4800	4133	7300	5130	2477	164	6829	8898	
2498	8734	4968	74	6234	5200	268	7510	2165	1750	
1131	12	7049	1029	8623	6850	8030	5488	3108	7317	
189	9789	7885	9999	2833	978	246	3583	2249	7330	
7377	8321	4493	6208	506	1010	6044	5	7068	5761	
8371	9105	9792	5682	165	6601	3343	3961	7555	350	
7099	10000	8365	6389	8556	1879	218	5167	544	7137	
3452	3291	3277	5628	4202	7242	3663	6945	7044	1453	
672	6084	4995	6500	8183	4159	1377	1204	7300	5425	
6333	2624	8768	27	7934	7816	2220	1913	140	9133	
9477	7294	478	6283	8109	4794	3856	7584	3049	7202	
9158	6734	1637	2982	4751	3216	559	9777	3312	248	
4906	9835	8775	1664	114	1870	5404	2312	4604	7097	
858	8402	6922	1612	127	4480	1099	9483	1068	4376	
7700	9872	7369	5496	5445	7439	4176	3696	2305	6198	
9999	6566	5486	356	8436	5435	4989	1720	8766	5791	
8344	1929	1410	8092	444	8580	7237	723	3506	7286	
6040	3670	2139	5533	7436	8351	6299	4256	5522	106	
1178	5137	9739	8000	6809	985	120	2970	1539	5714	
5222	194	6952	6318	4005	5102	9506	7297	8851	4336	
5193	5807	1068	2608	6832	6600	1220	2717	5315	2662	
2713	8567	7036	6697	6604	965	2478	2580	6200	6259	
6161	8236	6251	7581	1374	6680	4034	1916	6397	1740	
9806	9228	393	5209	1680	1211	6395	250	6206	3571	
9724	6365	462	7508	899	8139	147	6097	7181	9211	
829	1994	2355	608	5221	1310	2257	6383	2300	3535	
5624	8317	975	3974	6410	1889	1540	5263	3399	4028	
3719	4780	9918	5137	7600	7624	1681	8135	4106	1297	
2606	9127	8736	1820	4508	964	8421	1659	3091	7560	
9492	131	3587	2512	9883	1546	464	750	1600	9095	
9757	9228	7091	2542	1999	7285	1708	7649	3943	7164	
7984	6667	8588	8121	7635	38	6612	9814	6325	791	
3366	8937	7166	7708	9198	962	8545	4068	3803	8698	
6097	4742	6182	4411	8195	6083	9355	8890	2309	9269	
8973	2890	9429	2607	5486	3754	7507	1815	6523	2751	
7944	5194	9398	3490	3961	470	1567	7055	6543	1778	
9845	7387	1878	7582	3357	9922	8180	688	480	1167	
9464	1846	9800	8650	4986	3669	8446	5181	3224	1582	
6735	1537	6749	6907	3946	2215	2755	6489	5582	8378	
9144	5106	508	4258	8884	8346	3320	5850	3280	5753	
2371	136	8463	1193	9464	4005	2750	8337	2051	6499	
8731	8072	9573	4460	8557	9439	6700	8297	7605	2889	
2620	7358	1464	72	2488	5128	1186	2332	2133	1759	
8860	537	6795	3115	1380	9580	7616	3468	5578	5574	
569	4734	320	9301	5594	7901	9907	2616	6640	1553	
8893	4226	1028	9970	5129	7875	3207	534	5394	4351	
6814	9279	6133	6581	3937	4943	3090	53	311	1705	
7985	4699	5163	6993	9916	3220	4542	7747	2392	542	
2069	7932	3203	2765	5822	9225	8949	771	8139	760	
4182	9887	2185	5571	3286	1903	365	706	1260	2293	
814	8076	7375	1286	744	726	7641	3389	9386	1468	
1809	7932	527	1051	1520	153	6189	5485	992	3243	
8215	8550	1487	6322	2653	6804	5325	410	9574	9081	
4453	8227	4837	4044	656	9890	84	9562	7622	5126	
2854	4545	7175	8670	6486	8838	8369	9148	9589	8524	
6779	3027	7368	8559	8998	4535	7852	7680	2769	3896	
6306	4667	3007	4256	6366	6298	4065	499	439	4313	
8572	3227	7981	4949	1817	3005	4669	844	8773	3140	
4804	3931	2823	6879	4798	3200	8662	3473	8630	3936	
3099	786	8218	2290	5294	8752	9469	8993	1641	587	
8629	6443	5692	9863	852	629	5664	4254	362	9733	
6117	3354	8774	4202	124	9214	7574	5764	6137	7239	
880	5394	1487	3189	6296	8361	8524	1077	6626	6212	
3735	6273	5854	1268	8108	6734	206	6544	2751	9951	
4295	5003	4834	72	6714	2697	2405	1908	6534	6259	
4829	58	6411	9134	3660	1256	905	6703	4970	7308	
3444	771	4678	4506	4567	8411	4739	7675	4699	2985	
3925	9097	8668	8920	6039	1049	63	9692	6546	5075	
4897	3927	7483	3319	1410	9707	1332	4314	5714	5090	
3492	8674	5664	6568	4885	2835	5066	2302	393	9607	
6156	5849	7370	4538	704	9048	4343	2796	477	2253	
7538	3576	9617	4285	3215	3448	8425	8478	4750	3481	
5035	2555	2770	7517	7037	5714	4941	9562	5463	5667	
308	6287	6040	5384	7017	5630	7745	997	8065	7162	
717	1060	1881	2072	2705	3696	4346	9228	3600	9929	
5639	5316	4642	5756	659	68	7434	4185	1470	7282	
1509	8248	5036	4566	7852	8667	7517	6269	5422	8850	
7983	9077	7653	7931	2380	3630	6014	6466	4282	9183	
4747	1845	2998	5353	7021	8317	1751	755	5193	2225	
8917	8733	7725	2549	5246	219	6827	7347	9420	6057	
9539	8096	9206	3421	666	860	1155	12	8527	7244	
9116	5570	2143	3563	93	9823	4173	5959	8647	702	
9181	847	1593	6393	9623	600	5366	7855	7137	4545	
6390	2209	6316	8571	1693	2728	401	6010	3802	7542	
4902	7038	1019	8738	3569	5167	7477	6422	9878	9653	
358	793	300	8277	3473	9200	4846	5611	7738	878	
1939	6760	985	1437	2553	2225	4696	4995	2292	7993	
4886	3574	215	4369	6337	7322	998	6019	844	8697	
9678	4641	777	4407	9923	5751	566	7211	6878	8544	
340	2526	7097	889	7185	6561	3561	5209	5173	4859	
6144	7412	5632	4225	2512	4496	7092	891	7726	2428	
6146	3717	46	4346	6840	1241	2092	7795	538	1221	
1595	7001	7023	6359	3595	4637	2707	3854	154	4409	
4405	1683	2203	2149	3602	6231	1421	7736	9367	5765	
3592	1879	1211	3275	874	3004	3830	2442	7512	6570	
6108	8642	4956	9197	4192	3713	3857	6768	3832	2372	
1149	1085	3201	4694	8804	5101	5950	5888	6396	6097	
7899	6652	1483	8176	9653	9223	154	1449	2569	8516	
7992	9427	2251	1479	9338	1732	6850	1235	6283	2123	
139	1917	3633	5552	5839	961	7612	582	4704	5205	
5765	2971	4587	3622	8261	9563	4646	5809	6033	7904	
7034	570	6178	7358	3665	9634	2502	7579	4303	7193	
5220	9090	3195	4972	8	4624	6651	6513	6329	7497	
5233	9148	1046	5558	6291	1872	4447	4350	9687	1187	
902	1388	8068	1891	6297	9790	9955	8656	772	4140	
6043	3930	3328	7311	9832	6532	4325	6177	2454	6093	
3977	6040	8693	5114	3850	5101	3154	9100	1198	5841	
368	5997	4968	6584	23	4046	7725	7975	7831	6338	
7099	5802	3198	2586	2930	5553	3091	6290	8228	3976	
8562	147	1446	4701	2253	5337	2930	8015	8580	3838	
7428	4573	995	9763	7225	3458	8897	1288	4569	3677	
6227	2989	2264	5512	5057	4777	8147	9730	1352	8908	
7682	9703	9519	4676	6219	3481	628	6589	4371	4523	
5368	8909	6089	3040	8510	2030	2303	5998	5547	2253	
3259	3799	5839	4735	8127	2814	6973	4005	1131	1785	
1656	602	3420	6522	8282	3	8766	785	9679	4969	
4915	8782	9481	4132	6091	8130	5665	3580	1491	6610	
1257	7236	6654	1197	452	1219	1307	2153	7577	9060	
256	780	8952	2646	3422	4918	8017	1978	3982	817	
8891	1422	6527	8130	7379	6416	9076	7403	4504	2776	
1949	9008	5522	451	2341	6233	7212	7898	1331	2919	
5331	2879	2658	8406	9181	1890	8878	2593	1514	6569	
2022	9035	4892	4786	4894	3830	9082	1714	7920	2845	
9728	5777	6776	2608	3460	838	4520	5964	9559	9169	
8380	5960	3293	5836	7965	4561	6286	5677	7015	6535	
9855	6011	9196	9574	4417	1513	4286	6830	5583	5075	
1696	8550	6899	8552	5301	3625	722	9518	91	506	
7691	4499	9407	8615	4302	3698	349	3727	6013	2519	
4415	8362	4433	6096	5304	5618	3619	3408	3897	3809	
338	2004	2523	1800	1628	3540	1548	1803	9782	4131	
8698	8363	725	8632	4432	6747	8813	1332	7952	7280	
7232	201	1038	5062	9011	2984	5826	2808	1537	8471	
3718	3232	5509	948	6343	7734	4889	701	104	8642	
8030	9292	3013	5100	9499	1821	1726	4438	4543	835	
1068	6413	8694	9638	119	2778	306	1806	7918	5440	
6784	4705	9748	8604	6158	9673	4786	6253	8814	9757	
1599	1978	5651	4087	788	5328	2719	945	8605	3205	
2522	712	1924	9099	6746	4281	192	9882	7139	6797	
3297	8846	3496	8327	1461	9753	8295	6276	2752	3921	
4148	2849	8744	1282	2492	3890	8652	8337	220	712	
3309	961	3793	972	5873	8260	1122	1034	5493	7868	
9579	5597	8875	9523	2442	6414	721	978	7920	5608	
2393	8527	1995	3073	7500	6903	1135	232	5419	2373	
6465	2124	4533	5827	8755	6304	9427	5737	5331	6583	
6789	1989	3461	3165	4138	8739	1915	8480	7504	2766	
665	2867	263	383	6640	7647	6210	2856	1874	2763	
9579	5567	4649	808	17	386	7079	1138	9374	2539	
6071	2545	11	8568	3360	2971	9173	8045	3576	5418	
5120	597	2927	6158	4347	9664	6185	4066	690	7576	
830	4785	1148	2620	4795	7249	3242	184	3584	2211	
7948	8326	9032	479	3478	3393	9989	2200	6742	6378	
5101	5467	4560	59	6870	649	9908	7074	6978	3732	
3561	2522	884	1378	6606	7765	2615	2998	6071	2876	
6918	3484	2575	3318	669	6436	6191	2320	8006	1241	
4119	3314	6153	5410	2304	7365	3985	1475	3491	2192	
6648	6088	5541	7045	5472	3251	3621	6644	4813	9890	
2601	5087	3937	4911	3530	6178	5424	8164	1262	368	
4618	9616	312	8518	2723	6858	919	3432	9138	1455	
6178	9389	4986	9118	8131	6719	8732	7069	6937	3993	
7899	610	7875	5409	6671	3850	4452	8491	8828	6076	
2297	3992	1394	7143	3515	7614	8802	9941	6513	6330	
6383	8343	3565	1860	6997	478	7102	1443	9734	8177	
6546	9235	4878	956	4412	8697	1179	9443	7518	206	
6217	8894	848	4524	326	6338	2142	4694	9332	7978	
1604	9418	6292	6344	9334	1849	6559	5358	8803	9973	
3697	5375	1360	5982	1686	4340	5444	2404	5176	5449	
8709	8346	1775	4664	4232	9269	7692	8575	8052	2637	
927	2210	8860	2928	2221	4294	634	1832	1393	6065	
8789	8712	5995	8653	4521	9930	9164	3155	2835	5974	
402	1105	2426	914	9671	3054	2729	6415	7911	4430	
4636	9062	5432	7136	3394	2011	3235	7299	8907	581	
9014	3968	1527	6093	9069	5913	166	7407	7544	8638	
110	5010	1508	5055	3173	3671	693	9404	863	7941	
4929	1620	2740	7834	8179	4578	8709	6539	6278	9669	
6986	3382	2839	9115	9336	3660	7853	718	4329	2258	
6015	3832	8624	6650	1452	1881	9889	2652	6308	5158	
6845	7242	1116	7808	4713	880	4221	1534	6857	8508	
7196	8489	4102	8850	1805	5100	3545	821	372	991	
6853	4924	1507	15	9737	8430	3933	4491	3474	6097	
2073	632	1887	8523	9900	4573	4906	8270	3030	1575	
1592	3689	8626	5606	3112	4283	4980	7423	9095	3119	
3509	6241	7081	8998	2689	8789	3962	8131	6267	5970	
7499	903	1864	6335	1367	8833	4271	9517	7197	8974	
3778	5026	5157	7140	1122	1359	8046	7560	2913	129	
7908	5617	6108	8966	4140	3232	6496	5815	244	9141	
6761	5375	5564	5934	2579	3133	8227	3461	5551	4997	
5196	6893	4760	8557	2995	714	4727	1215	3333	6024	
7455	354	2160	6134	8651	1607	7890	7884	8031	6520	
1228	6804	4596	6563	2321	7856	7635	6516	9804	9643	
4802	6740	4699	5031	4146	5495	772	9824	7392	2163	
5410	2999	1183	4138	8479	1894	3861	5480	8640	1365	
4865	3555	9023	5155	9897	9186	4128	9138	7087	725	
2718	1373	2732	3647	1602	636	9404	5253	3149	5234	
279	953	9067	5435	9282	6134	4210	799	5476	5366	
8325	738	6487	952	6928	2564	6696	5731	819	4785	
6878	1911	4540	5251	220	2154	7808	462	4498	4178	
31	4983	7191	9149	6282	4500	9210	8646	3133	2497	
8128	608	3511	4745	9840	533	6063	978	3904	1776	
3352	1230	9108	2063	9259	2591	4489	4194	4422	6914	
6659	919	4392	9170	853	5265	8969	9334	6599	7940	
9935	1058	5003	6130	6801	2528	3423	4004	4960	4955	
6383	5600	1576	1590	2710	4121	6084	7127	1098	2597	
1588	4269	4656	4706	9508	2573	8870	3859	1843	6082	
263	1125	423	106	8139	9429	6121	2205	3114	3730	
8818	6745	2198	3316	9771	7290	5688	2440	5981	4111	
9594	2106	7523	5616	8339	3092	238	5436	5648	8599	
1036	1951	4571	8111	2789	2886	1313	1717	8425	2563	
6314	9341	8419	9133	9679	9558	1637	4037	8113	7710	
2426	6973	5140	8303	294	7841	1658	1481	4488	1647	
9667	5834	8805	4299	7904	852	2490	4207	1459	3360	
8941	191	3075	6247	1754	7614	9694	8328	1609	1158	
3835	2369	6017	5203	9127	2220	6684	4514	9474	1448	
5635	9555	7904	4437	3059	3663	6734	7267	5632	1767	
3095	2482	5793	9227	884	7718	5802	7014	3816	3680	
3596	2566	316	7793	5742	5051	5901	5909	1488	1521	
233	2693	1859	3114	782	5933	926	4129	1214	5900	
9693	7525	8723	76	9963	7203	2164	8528	1631	8767	
9492	13	5189	314	8333	3015	9281	1366	6033	6323	
9161	1380	396	5894	9775	3603	7170	4150	7511	7894	
237	3804	5163	161	4338	3348	4211	242	2395	464	
4853	8469	1307	9485	1033	3306	5048	8380	389	5066	
1231	327	3944	8514	9206	6209	9865	3122	2068	7865	
2019	4964	2869	4415	2851	5988	3551	5776	9285	9063	
19	4243	1197	2575	6267	9344	3505	56	3474	5985	
318	4619	4978	9950	4147	7639	7240	8485	7231	5453	
9562	1097	8446	6158	3357	7792	2389	9389	369	2560	
4035	8598	4318	9431	1046	1073	7288	3514	2807	1864	
1058	5272	6977	3664	2127	5036	8481	4221	5721	8709	
6022	2001	8128	6015	1271	2363	5861	5657	2145	6414	
9821	78	5291	4626	5973	4562	3100	6827	8100	1122	
2148	7008	9670	5774	6967	5212	8259	95	1418	9496	
5103	9548	9324	9392	4179	4038	8715	2272	2240	9497	
4989	5057	9567	3434	8756	1422	8897	4027	8141	3876	
3608	3750	1000	4042	923	3421	7525	243	6607	9959	
900	971	95	9151	4022	1855	2279	4373	385	6915	
2154	5439	1032	3749	5918	8223	9727	2395	7846	8267	
9037	665	1894	1867	9710	7252	1962	3825	5087	4692	
292	8950	8976	7307	3816	848	4055	529	7047	9974	
6746	8166	6058	1648	1929	327	444	7041	4940	4375	
5742	6740	69	3314	5230	5520	7296	2920	1977	3347	
4778	8773	8618	5110	9833	9703	8726	8989	6963	7060	
2355	7823	9066	5424	5258	4421	1988	8673	3197	154	
9432	8162	1894	6801	5609	5577	7560	4783	3115	8026	
9082	3047	9711	1541	5379	8864	1664	5407	2217	2042	
4560	7477	8635	5615	1868	2174	5157	3541	9541	5591	
20	3264	2638	5277	8526	933	6701	782	7435	3688	
2988	3839	3591	1792	6376	9550	7927	5057	206	2307	
4649	144	1532	157	9929	6318	2734	8947	1618	5120	
2521	2852	4136	9123	9242	3355	7760	6628	3969	1296	
9361	7944	5069	4808	2499	459	3068	7226	1782	5184	
2145	7292	4647	8814	3280	6285	128	7186	2115	7568	
3814	3931	3319	9531	8833	1928	845	5504	4429	4263	
9568	7850	7489	6169	8782	7489	3369	6474	2181	4154	
1967	2020	3517	5417	4461	5920	5462	9230	5124	2395	
4689	690	5010	304	1373	8771	7511	9093	3429	647	
6904	9313	7486	7454	31	9056	1919	1987	191	5517	
1426	8075	2379	8440	850	8302	6347	513	6893	4232	
3547	3550	3118	4528	115	7566	4935	3917	7956	169	
1891	6850	274	954	3900	4084	1631	2775	1045	5827	
7866	2406	8018	8028	6242	6243	6632	4469	7736	280	
4954	1786	6840	4108	7860	4230	1798	6302	6024	357	
8498	4190	6863	7185	6528	4735	4438	5657	1841	3165	
6004	7909	5332	1449	6132	8744	8586	4679	4676	5446	
6518	7475	3894	5385	5165	99	2955	5933	4095	6763	
4217	2925	2894	3075	1160	8086	9702	3562	468	1416	
7670	565	9727	4827	3289	19	906	5758	3056	2046	
6446	9250	1496	7090	5316	9397	3589	7116	4849	2520	
705	2136	4155	9692	6728	3101	9901	969	5587	9075	
6531	7939	305	4251	6671	3920	6118	3842	822	7652	
7308	2790	9229	614	7982	6173	3741	5502	6593	7512	
1322	4351	4819	9183	368	4228	1222	7763	48	6711	
6563	2350	7880	9340	3935	2359	801	2039	2034	7319	
8544	1516	9980	7653	8883	6879	8030	8784	486	5123	
2980	7290	1454	4646	3885	9192	92	3092	3883	6092	
9559	1630	3278	3402	1173	3475	5460	9649	7490	9691	
4469	4555	5408	8817	22	4992	7791	410	3840	6157	
1907	3120	4943	2431	9648	6170	3313	7721	2387	1094	
3055	4299	3770	8837	8534	4328	8438	242	9500	9005	
5013	6704	9903	9665	2358	9305	4079	878	9309	9764	
2911	2422	7113	3322	7967	756	4801	9468	2886	7593	
6526	4358	6190	869	1007	659	4723	6373	1661	9509	
8140	4959	6950	2462	5547	5075	6712	198	531	9195	
7089	3039	2626	2500	5037	3287	1083	9292	757	9146	
3219	3781	2831	6884	675	20	1060	1263	2397	8781	
1192	3943	9515	8796	6887	6594	9205	6043	5837	3118	
6918	3884	1864	1367	4076	91	3635	366	7653	6688	
4923	878	7367	1665	9917	2724	6319	9384	6631	6102	
7993	9652	7380	2424	1115	5719	4700	5141	3204	7288	
4503	612	377	5083	5106	3501	771	5366	4131	4924	
4383	7918	9343	7284	6946	3539	3306	3143	951	9661	
3733	8830	407	2582	1290	9522	7174	7374	3923	9761	
7614	1413	1098	617	6200	5565	3885	1533	2969	926	
304	4272	110	4539	7794	4405	7959	2136	354	1967	
3519	2508	6063	5669	7940	4242	8598	8117	2666	1869	
5116	5277	6441	5369	5448	2011	3283	2439	8141	8241	
262	602	8352	4049	9124	3728	5164	6185	7300	9829	
1114	692	8400	9582	3708	4363	5884	2606	1946	7571	
9779	9118	9181	2010	8356	4194	9099	1334	106	6402	
4017	3977	825	504	793	1797	6020	4293	8669	7385	
2609	8459	2653	6735	9387	8393	4009	3148	5483	4749	
54	3653	4603	9238	2406	9996	9515	7043	7393	3866	
1291	214	7449	5189	5693	7207	7271	6498	2349	1632	
7173	707	1219	1520	5258	5384	1944	2253	9706	2548	
1087	1006	6515	1165	1024	8162	3845	2310	5704	4065	
6145	9023	6212	9610	2785	5013	1130	4689	9079	5114	
9230	8488	9682	8600	5009	6683	4262	7806	7754	8626	
1366	2557	8877	7952	3245	9926	5390	9588	946	7592	
1276	1415	8653	140	7190	524	3453	8488	1156	9642	
4313	9821	6768	1247	618	3336	299	5919	5445	9583	
5284	3392	5955	2898	8291	7997	8129	9330	6645	284	
4105	7302	7992	7559	1223	8355	1866	8483	6356	5577	
264	681	1426	5427	943	7005	7410	3029	9163	9888	
3706	2807	6251	6114	226	6947	3544	2320	7278	3632	
3778	3941	2859	3859	7036	5115	2814	3489	3371	7346	
5312	7030	5827	121	9402	3703	2244	5251	5055	9168	
7434	1260	4067	1980	6170	3764	5201	3628	1262	1219	
8511	2116	3505	793	153	9457	4464	6744	7961	9898	
4238	3898	8884	9514	5391	4969	6205	7081	7262	6431	
8047	8905	1186	134	7471	9951	9032	7644	3529	9846	
4572	6687	5760	6148	9570	5432	5908	2935	7564	3137	
2384	3422	1117	9198	2137	5807	358	1855	8531	7271	
6498	5467	2258	942	2513	3202	4038	4529	4483	5737	
4074	3657	1063	1870	3452	3096	3278	3473	6207	5794	
6152	1053	1731	6677	2852	534	3197	8511	8890	6288	
1523	6169	6011	5607	4697	3410	6905	1572	821	8005	
2633	703	1258	866	4720	6639	3596	7379	8614	3628	
2162	6740	5911	2040	5643	5903	1528	3491	6561	6813	
7134	5007	8784	3065	376	6247	4308	7095	9965	4085	
1009	4983	8024	4033	4959	257	2159	4097	9027	6519	
1365	7776	934	5329	4019	7558	5801	1362	4906	8979	
8509	4582	6239	81	7912	3081	2334	1900	7473	7841	
6613	4799	9758	4395	5501	3970	288	8474	4921	5981	
9726	2677	7971	7743	8219	4637	5114	1240	7469	2766	
1533	5747	7779	9024	3736	7343	9185	5028	4651	3645	
5437	970	5864	5171	6491	2107	1665	9848	8855	5163	
3917	5753	7128	9243	2463	2805	440	8569	240	6625	
3163	3617	8044	1130	9869	5155	3205	2702	1146	1828	
5324	2734	3895	5085	2421	8439	691	993	5882	5622	
5237	5681	6363	281	3644	4492	6408	3378	3401	434	
3711	7637	8620	5774	4544	1969	8733	7351	3329	958	
530	7234	5614	9440	1603	8133	8232	1679	9070	3422	
3328	8935	2647	6496	2817	3681	9014	5128	8324	3238	
5209	810	6814	3372	6375	3782	2886	9168	6920	3748	
7347	1059	2049	8093	4053	6756	8694	469	2526	7332	
8019	4270	4828	4802	8639	7767	3683	2277	6193	2037	
1633	3382	1365	4161	7482	3884	4981	7693	9934	8068	
5744	901	2903	8747	5278	1982	2535	5435	3798	6124	
6118	3571	235	6075	4992	5326	1568	7947	2238	8883	
9235	3972	2726	369	4865	4519	9518	9868	5708	7513	
4934	6494	9967	1425	962	1232	7874	2087	5152	1579	
4977	1099	5661	9477	8203	3703	5071	3354	2185	6973	
6525	707	5882	2638	2001	2012	3759	9559	303	41	
5755	1295	370	7155	5946	2055	2143	9276	6186	908	
631	6142	6625	6027	5764	3302	6889	1574	4718	1067	
2012	1381	3045	8957	1930	1819	7861	1292	9209	8873	
615	2038	9356	1000	7883	7628	6281	3917	7817	1512	
7594	2279	5597	148	4378	5883	6861	1460	3630	5489	
934	5891	1704	5756	2613	9702	1983	6154	9554	9685	
3947	3044	4918	4287	8603	7149	6987	9341	3177	1999	
8951	664	4739	557	593	4872	2108	5523	8447	7916	
6185	4529	3610	9337	4521	8746	6397	6050	1900	6752	
2013	1764	8580	7311	5521	1884	1495	9537	8575	5833	
9530	7448	187	4716	1480	6556	5230	3195	2	8492	
6588	5720	452	9407	8064	2565	3152	9089	358	250	
248	4702	4173	7347	6237	1259	4412	5819	29	6847	
2574	6216	276	6513	182	5749	2729	8638	4159	309	
3640	8168	2925	2668	8654	2481	1162	5365	2566	4843	
5927	3938	7839	81	9879	676	4638	5705	5907	2281	
2245	2464	8155	270	9949	126	3075	631	9548	2085	
6507	776	2864	4559	4823	4585	4660	5318	7174	9087	
8899	6225	7404	9254	4453	7873	3538	7796	9098	5286	
7426	566	1146	2295	1972	3602	4437	7364	9950	7533	
6186	6827	9258	8434	1414	4116	2434	6403	78	9911	
5837	9888	4179	4147	3741	1059	9297	8035	9611	209	
3141	8776	8324	2610	2721	2727	8364	1629	5228	8505	
1990	8662	4862	9952	2604	7149	9009	4383	268	6208	
8355	9710	1823	3435	9912	2327	9465	1353	941	4332	
2367	493	1412	688	2867	9944	6239	4754	8467	6890	
5344	9568	3030	2646	8261	5193	7334	4320	407	2440	
4704	9067	5118	8917	5387	2576	813	9064	3169	9133	
4765	9122	8669	283	666	1495	3181	7294	4591	9479	
80	946	7884	3597	7637	5722	9388	7186	6523	2973	
5636	8899	2468	2953	5086	4580	306	9278	4045	1233	
9845	5095	1066	7138	8504	3379	8251	8688	2524	613	
2471	659	6326	6056	5216	9439	9804	1662	8659	2418	
9418	5227	9316	6717	6944	810	8795	4190	4597	3460	
2155	7630	2358	6214	1186	3108	7902	9281	2997	5857	
6583	5729	9398	695	4213	3068	2203	8866	7307	8152	
2146	8515	7762	2097	9491	2763	887	480	5940	3811	
57	1622	1765	1975	8673	2669	9322	3088	4981	6156	
6465	6607	998	957	4648	9334	4481	2441	1605	6585	
824	4983	762	1827	4304	4214	2312	1399	4301	8125	
5920	691	6840	8154	474	7174	2797	2744	4429	7887	
1364	4110	645	8708	5466	8127	9603	8799	536	5099	
9848	6567	5062	2966	3617	8206	536	5468	9890	6881	
560	5057	8558	5878	8728	380	7129	5055	1163	7914	
5329	265	9640	8671	1223	6946	9779	6357	4828	3055	
5434	1462	908	2524	4618	4800	6080	7559	1653	2905	
1309	6778	423	3674	2577	3829	253	6482	4809	3027	
6681	6551	4672	140	4442	2716	3274	9158	5405	605	
7884	5543	3938	9174	1779	689	282	4936	340	9394	
1827	6651	9470	5472	1396	1535	5062	1686	7781	8594	
6257	6436	9358	849	6986	7730	8056	3065	510	4672	
8487	3278	8648	3961	3432	4707	3324	9424	3411	5241	
4752	9818	5001	4723	8323	5077	2322	2995	6483	6529	
5301	8174	2239	3834	587	474	5835	9134	970	8165	
9748	8381	3304	12	2295	8686	5129	4510	468	9524	
4985	3853	7123	8310	3949	847	3070	9678	1188	6605	
9398	5690	6582	5595	8795	4530	3416	5311	8419	8029	
5344	5660	6443	6845	4023	6136	7027	369	7702	1113	
5552	5603	359	9604	8316	7042	4414	4191	7349	6071	
6276	7220	4314	2085	8012	5363	4597	8945	9175	3505	
7584	1374	277	1112	867	7930	394	7517	8228	6703	
7782	7845	1218	225	6908	7327	3207	5457	7068	182	
6007	9577	2151	3077	2584	9926	1237	7332	2576	1269	
7704	7967	7447	8595	1322	588	5874	5647	7630	3848	
5997	814	2274	8864	9169	3036	8555	6565	6075	9879	
629	5094	76	1078	3786	1272	1283	9917	1955	3902	
8029	1563	6405	8016	9426	185	6592	4703	4161	8904	
3008	5079	188	9551	271	7221	6135	783	1201	3241	
5575	3685	3146	8008	3974	1546	9504	7810	9381	7375	
6532	4025	6258	8290	6534	6894	8965	43	3779	3452	
777	7954	9959	650	2266	9724	3778	2155	1914	4182	
4121	4123	2634	2416	7695	5999	2040	1914	6983	5974	
6819	8947	3008	2166	6518	9603	9974	8535	4234	1651	
5810	9068	2132	7866	6556	299	8953	8203	5401	4898	
9025	2576	2902	8270	8392	3499	9803	7794	8572	2938	
1302	4638	2352	3266	3983	3264	606	7969	5389	1790	
6339	8964	6676	8090	9491	6095	3310	3165	3672	8246	
1197	6106	4337	6732	9544	7791	4558	7616	5801	9004	
1891	7051	357	5697	9283	5327	978	6407	7331	6652	
5631	6063	4813	9525	3018	2955	6653	4248	4119	607	
3550	8714	8008	6260	2325	2854	6349	9158	6386	1356	
4756	992	2228	6664	7176	9146	7862	651	1568	5790	
166	3983	1978	2867	4500	9261	3671	7119	1691	1034	
5861	1678	5218	8858	6249	8082	5950	6423	3632	3406	
2995	2316	3107	9270	4750	3962	5968	1926	4495	1192	
408	4118	904	1160	743	488	2143	4267	5459	354	
5052	9573	2383	5510	425	9757	8639	856	9062	8980	
2408	3097	2621	6495	7894	994	4532	4228	1764	7106	
5856	259	9200	6251	4549	4554	7212	8573	8087	7722	
9	8472	1714	8911	7161	6880	2331	1842	8831	7650	
995	3017	3714	5290	3255	9763	9318	7237	7148	7145	
2267	6916	8147	6015	3075	9951	2779	5386	484	1220	
2511	1703	1345	5807	1424	6042	3665	710	7995	5530	
9443	2234	1418	6637	2023	2324	1154	4635	2372	4592	
4633	8317	3467	5547	8279	410	5658	4039	1643	7243	
3265	5315	8352	6698	981	9247	1754	6878	4906	4189	
4411	7876	7583	1890	6567	6726	837	4631	7371	2520	
2659	9884	566	2223	9314	9198	1900	8241	5998	9337	
3489	5956	1909	2409	1928	1517	9402	5282	313	4513	
6022	8419	6794	4055	2632	7108	5289	5948	9792	4271	
1153	398	3057	6415	2452	1300	2199	7373	3522	3528	
4614	1672	8750	6139	124	1967	5180	3781	9651	8276	
557	5535	7799	9597	1535	1618	6531	4531	6430	7659	
2576	6581	9831	2787	3602	3895	5226	2540	9457	3383	
9043	9478	3978	2705	4978	3643	8958	3561	5458	4408	
2285	8902	6675	9276	6056	9528	309	3584	8364	4557	
8785	3373	1577	9066	8685	4248	5340	9516	9934	6629	
4519	4363	1784	3707	2706	4238	9462	6426	1051	9874	
6679	3913	1748	2198	6090	3891	7888	1402	6528	4092	
4761	9698	1478	2414	7044	144	9331	7747	3334	8341	
7951	3813	1754	2873	1509	3091	1821	1078	4270	2871	
6318	8247	4056	9455	6755	3994	4099	3909	6753	558	
2714	7185	4942	9629	2817	5965	4315	4073	9921	8615	
4952	3409	2466	1379	161	2727	7599	9687	5345	4675	
555	1480	5455	8886	7833	4537	5954	1667	2829	2054	
3247	9755	4467	9608	9373	1434	3780	5783	8427	7882	
8311	8606	2129	1868	5631	9815	3366	7016	45	6369	
8653	592	2283	9809	8039	7991	7671	9800	1466	4818	
9138	1833	5170	9605	6738	104	8729	4824	3899	3323	
245	1379	6741	2717	5583	4453	6012	3005	4235	755	
5491	8903	4358	5981	9783	6767	1790	1644	4324	2347	
685	364	4423	7817	5119	5359	1683	9719	1355	9021	
5127	6882	3972	9311	8797	8550	4015	3977	9768	9649	
6123	4783	5606	6599	3108	3122	2264	4734	2462	633	
1118	530	1167	6156	9852	4610	7295	7713	6766	1065	
3468	6932	4378	6039	3593	5856	882	8416	6807	4147	
2910	1702	5404	3752	998	4768	7259	9182	6030	2415	
835	737	2301	3781	3090	710	554	3157	8886	2048	
6571	1321	3772	7483	4329	650	3192	8998	2136	1985	
2628	7988	2819	2322	7034	8808	7833	2611	3621	5600	
6198	1778	1779	6035	7236	6245	9879	1547	4410	3202	
6997	983	2833	6412	1177	9455	1482	3203	2214	3817	
7819	1770	6325	8321	6515	6387	8697	2867	3960	999	
8262	2484	1321	8230	8906	9025	796	2956	998	8834	
6331	7326	5000	1174	6455	4175	9038	2590	7820	390	
435	2697	675	8939	7231	680	6937	6660	2438	5142	
7586	5011	899	3560	8741	1959	5494	5936	8397	4851	
3402	7162	9345	8480	2271	4322	1576	3352	7429	7852	
541	5375	7198	9443	7915	6348	9799	4972	309	962	
2395	2181	6397	8859	2051	2492	584	4427	4666	4645	
8603	5657	3711	8260	6294	5601	7266	523	5728	4494	
9031	9442	3136	3323	9206	4280	3690	7773	7667	4159	
8464	964	9044	4014	9250	5513	683	7763	8757	9289	
2458	3915	6609	3911	5217	1907	3868	5573	1028	3429	
3882	963	3603	4869	2551	4242	6351	4964	6947	5307	
7607	908	7884	4515	779	1912	4163	6384	9994	9884	
2787	3274	9106	5757	3046	8842	7401	1731	1428	4614	
452	6094	6931	5247	3003	2503	4915	9562	6588	2678	
5555	4286	2668	761	3816	8554	7443	8535	2095	7680	
6780	5362	1757	6611	721	878	6777	2438	3105	9828	
6810	2145	3229	8147	7207	6179	9949	2404	7418	8264	
9407	6314	8145	5939	2254	6807	9710	5335	6098	8940	
7606	998	9	7603	1786	7407	2329	7765	4277	4243	
9417	9760	9026	6001	9816	3284	686	9507	9695	4043	
3493	9102	55	6591	2578	7562	4869	1878	9076	2644	
6020	8877	5233	5396	666	5703	5657	3468	9038	7567	
6854	7600	6851	1181	8047	1361	5947	8284	2264	98	
9879	2675	3847	4439	8507	4922	7815	7242	6431	8876	
7468	1503	5799	285	6475	270	1018	8175	4159	7280	
3937	9063	7695	760	4345	8929	3519	5292	2466	1339	
230	4874	8849	6830	3836	8114	157	5401	4182	4704	
8856	3573	2016	5948	9070	5615	4348	4158	9969	1483	
7831	8255	3387	5285	9675	7035	6697	3609	6512	5814	
3110	7893	199	6288	4976	4741	484	8520	6936	7980	
2729	4195	6834	4915	5644	5525	5855	355	7353	6686	
9988	6423	2129	6018	627	8947	522	9768	410	8735	
7818	8157	9321	9264	9276	9137	4434	8319	1757	432	
9809	5727	6073	3343	3007	4762	2116	3485	4865	5232	
5256	9392	1388	1630	5011	6662	2302	1480	9446	9070	
3197	9174	2304	617	7370	3089	3992	9317	8045	3185	
426	5238	4631	9775	6985	5944	5934	4573	280	7417	
6039	5652	7629	6675	5484	3547	1978	2759	2532	8732	
9261	4333	9916	2965	5828	9920	1593	9019	9876	4112	
1920	4520	9124	3988	3504	7780	4540	6296	5664	1330	
906	9965	8316	7959	1166	9136	9471	1063	128	3009	
4945	4483	7229	110	7224	4739	9206	6486	1801	2912	
4987	9159	4229	4707	4798	7337	6659	7152	168	3650	
1620	1269	1146	373	5183	2131	1123	4517	5699	7043	
2879	9205	2969	6463	9777	5173	2133	91	3614	2102	
2321	8222	8257	9414	3390	1446	5953	7106	3825	5693	
9654	817	9569	949	3603	927	7625	4778	8406	3210	
5284	8944	4408	1005	5086	6103	2002	9763	6874	7907	
5697	8069	6235	3363	7797	2873	2191	5565	4310	8171	
8254	9638	1882	5799	9279	7053	8090	1767	1096	8461	
8643	3328	8087	850	7323	4394	3124	7926	6847	8763	
5228	2424	6920	7023	1355	9551	9775	1135	5489	9055	
3887	5469	4406	8466	9124	7666	4804	2039	8259	8305	
1500	1438	3249	4944	7380	7816	636	8637	5637	3841	
157	4715	4549	3905	1371	3211	8055	9289	4338	5348	
8260	7344	6066	1548	1627	371	7832	978	95	7857	
1869	4034	1102	4470	5236	5158	6034	6911	432	881	
7638	9931	8692	7688	385	5835	7959	9428	7756	3613	
5798	3129	7614	2932	3949	9519	5948	9867	847	2509	
1403	8728	6586	5624	8936	9098	6076	11	7908	270	
4287	6258	4164	9899	434	5539	257	3870	4306	5308	
2564	7785	6459	2881	6827	912	4840	6643	7642	3938	
856	2262	4193	4202	2064	1466	708	7818	7652	6120	
8744	8756	9688	5293	2889	370	3178	4714	9996	8186	
127	9766	5472	8386	9836	8089	356	1133	6023	9423	
5428	8536	2475	6216	3407	3144	9063	6987	1621	7230	
8608	1026	7072	2513	6822	6679	5749	6539	1425	7459	
7383	5262	1174	8154	8917	4135	4934	9144	5443	2861	
9104	5410	1828	5461	2326	434	1408	3683	9831	8755	
7556	4191	7371	5037	4193	8608	2376	9620	6291	7267	
2046	3115	5446	426	2356	9409	1589	282	8219	6954	
5888	5936	6657	6241	465	6321	3464	8211	4594	5683	
6844	7117	4944	9260	1117	7781	3271	9009	9663	6187	
8671	7518	9458	2707	387	1599	5115	8427	7129	3583	
5443	78	470	9490	852	3389	2238	2598	275	4398	
5615	2783	1133	3027	4344	4565	2725	551	4643	7876	
1377	8971	6523	7784	6604	1555	8426	4969	6944	5487	
3486	6836	7403	2939	1177	7060	6607	5315	9169	8448	
8115	4875	902	4086	8035	4916	492	9020	5649	4995	
2544	3398	8913	1394	7176	2042	3825	6571	5529	370	
6669	4951	9874	779	1034	337	5487	859	3117	7055	
7809	7332	5436	1086	2722	4470	5974	3503	6864	1367	
3091	3646	5862	6280	7373	4606	100	195	8360	2454	
2207	2306	734	101	4073	9178	1589	4945	2949	109	
3311	1439	611	6560	913	7429	605	9395	8745	1485	
5358	6854	358	5721	9590	1518	3662	6767	5162	3403	
7688	6656	7632	6117	1140	3740	9344	9961	6547	5598	
8597	726	7254	4440	2546	6364	9290	9220	4895	7269	
2331	7633	4693	8301	4096	4701	8165	126	9766	6431	
5441	1507	8710	5074	2272	4192	3032	7947	9045	3179	
3231	9280	6293	5671	9036	5153	4298	1563	7555	8059	
6097	7764	9662	8550	3235	6840	7047	9634	5901	6932	
950	9917	3187	5392	9971	2219	9768	1015	8117	3449	
5876	250	4687	2929	5793	3458	50	6074	16	185	
1850	717	2294	8977	5987	9910	8469	8578	9852	8430	
5382	7725	6477	1526	1550	1040	9892	2901	8959	7164	
7236	5346	5549	4959	2404	1030	5146	3661	4249	7256	
4940	591	7268	131	8683	2021	9963	7734	2285	6429	
9257	7556	4603	2066	3430	6313	4993	5147	2256	9400	
1980	7588	6675	864	445	6319	9583	4060	2643	9036	
2088	7481	7371	180	2504	1705	1745	341	6826	1761	
8157	9768	8532	5807	5795	8126	6573	2653	510	1990	
3819	3797	4641	165	9226	8845	2325	8392	9448	5443	
4563	5873	4536	2847	9757	7002	8580	4860	9111	9564	
3899	9359	7165	6059	9071	8550	5046	1942	6976	9664	
9708	292	3339	1302	265	7855	4421	8346	6284	7175	
5969	5964	4699	6957	7253	5782	8280	1981	7755	2920	
4062	6276	7412	7752	798	2876	6985	9294	7344	9028	
267	2304	3996	2402	1182	7119	1591	2480	1069	116	
2097	189	4148	5801	5758	5806	4214	7763	1181	3163	
6176	2608	2558	6682	4487	9643	4868	259	5489	9830	
4101	5285	5815	7403	7568	7090	6191	7769	3044	36	
32	836	2144	3160	6186	1915	6686	5252	5393	5170	
4184	8136	1415	4062	4381	4714	6637	1886	664	878	
985	4249	7735	822	5948	4462	1096	5624	7270	9824	
7161	8905	8282	140	8928	2677	6760	2192	7324	1371	
8812	373	7526	7209	667	5890	7278	2836	126	3875	
2022	9865	571	3996	3087	6396	3550	3853	4027	7792	
6720	3016	2166	4415	3280	9011	9237	7379	9606	2071	
6471	1002	3106	4307	8228	6941	922	2809	9513	2107	
876	77	217	6414	8037	4229	7023	7190	4405	9210	
6453	2013	4024	9356	9311	6295	1325	3007	2990	6312	
6259	3867	7344	1423	7754	1145	1519	8741	2248	6633	
1122	4332	8351	2589	5005	2060	204	1207	6005	1399	
1624	3863	824	1791	8813	9711	5432	4677	8354	6810	
9399	8963	1492	5172	9451	6890	1007	2711	6941	727	
3983	4371	7943	9312	7888	4234	6337	180	4325	305	
3334	286	3394	7085	6245	6720	5459	5578	7655	6325	
164	265	4603	9890	1983	1513	5110	2419	4261	2165	
5786	6667	7878	6614	5560	320	7776	4033	9945	8461	
4103	9045	4740	391	3007	4585	4772	5691	5790	9904	
6485	8721	2965	6131	4300	6771	4989	6705	8192	2044	
6893	6469	2606	7237	546	6224	8691	4917	4156	8979	
3670	1690	9089	4935	4872	9103	4577	6795	4663	6259	
3619	6934	2647	4977	6337	5944	6565	7465	3826	1012	
4741	5261	6691	1166	714	7296	1558	2730	2154	9129	
844	9306	5721	6916	2291	5526	9727	4465	1938	8185	
5967	776	8300	3672	8279	9766	6342	9195	9105	928	
2218	5552	1501	1611	5519	6515	9453	1607	7735	589	
8880	4513	5067	2420	7660	8862	5311	716	9868	867	
4289	6550	5548	1819	3813	3348	5397	3482	1157	8365	
9561	7846	4415	1324	6180	8284	8007	1801	4865	4956	
7935	9564	3864	7432	8924	8891	6568	1720	3493	4666	
7516	8797	1599	506	4394	7608	6960	3609	6937	8464	
6653	7461	9705	7270	2598	8455	1487	5832	877	4657	
4496	1970	8532	1280	8448	2562	2314	738	5432	8625	
8625	9392	1477	4985	4076	6038	2500	8124	350	8061	
5717	2199	6828	1159	1507	7177	8310	2955	3860	8212	
4162	5423	5752	7045	7923	3844	8381	604	2016	5558	
823	6189	178	9255	932	8969	8159	5273	9106	3704	
9181	4881	1357	177	3046	4896	8484	579	5171	5427	
8340	7386	2105	6176	2742	3830	3032	1842	5808	4059	
9010	3945	2404	8818	6176	9061	6451	5417	6665	425	
6961	1555	5189	4598	1988	5579	3390	1476	6739	8760	
6952	393	7324	7054	1270	7700	6367	1878	3188	3978	
7616	2538	2480	4210	73	2466	9616	1529	2992	7167	
6551	6607	4030	4311	8814	3391	2415	5525	4276	8686	
3876	9481	320	6959	8050	1413	3670	3375	8762	5982	
8330	6130	2924	6096	4998	527	2793	9912	4405	390	
9053	9206	8312	6136	8300	8632	8400	4083	1860	1199	
9316	1887	8340	1658	3908	8305	3964	7300	7204	7395	
1782	1015	6234	4066	4609	1868	1373	7802	857	8779	
8828	3844	7086	5013	6081	6784	6889	3528	9369	6863	
5319	7136	2245	5128	3137	4529	4450	9739	2058	2022	
1961	2759	2739	7858	9673	6295	9685	7659	529	5405	
9043	8067	8183	2211	5827	7190	1331	7432	3660	2186	
4723	9111	5856	453	7120	9547	2791	2381	668	2631	
7409	9027	4212	8283	5528	2806	6184	9986	2884	6361	
9519	2920	4883	5610	2352	7533	4823	5136	7303	3206	
3409	4605	8129	9504	2848	7997	7648	9346	3871	8369	
164	5322	377	4778	6229	3914	1958	4498	9284	3303	
4555	3466	8307	4595	5431	122	986	4477	3385	3947	
1275	6843	3630	8847	2790	8244	8389	8398	2231	2534	
8160	3582	6422	6729	6761	9674	1754	9375	6157	6175	
2641	8337	2522	9079	7504	9004	9683	8355	7490	5019	
7787	1541	1438	8922	8142	451	395	6482	3778	7386	
7809	5933	6305	3373	2602	195	1221	9057	5020	158	
8087	2302	6496	9368	4458	8694	1820	2185	4469	1822	
1342	4863	2868	7689	3995	8510	8314	2665	5652	4562	
213	8990	5508	9770	621	3229	6539	1394	314	4402	
3316	5011	4156	5649	6792	3802	5797	6213	414	6506	
4403	76	4912	5171	8194	1712	1056	1604	6971	3023	
6613	2827	7986	6163	3622	218	3009	9134	5581	8673	
9253	9659	2411	1835	2317	4765	5136	5090	3505	6446	
3534	1201	7799	1066	5815	7901	7929	5360	310	3820	
8393	2450	257	1184	637	5396	9681	9933	2948	2814	
1039	6124	5135	819	8950	4122	6365	3124	7220	7429	
5598	4929	6856	6229	7012	7935	9820	8045	9532	210	
1445	9384	8576	6083	204	5138	6653	9950	7996	8413	
3067	7971	4441	7813	459	5898	4381	6315	2226	4503	
8414	4765	1006	4775	9810	3030	662	2279	5424	8203	
7916	6749	7282	4551	2010	9327	3043	4867	5222	5116	
9358	5582	6062	7312	52	9403	3311	7710	8134	296	
3194	7007	155	3369	1659	3557	195	9125	8739	9175	
8358	2718	5931	3302	9261	7846	8931	7819	3655	3668	
7726	891	4787	9931	6623	811	1809	5478	2437	9411	
7753	630	6338	6983	1886	7886	6936	2749	8587	7194	
2869	476	4781	3107	5364	7354	4797	1575	7552	4273	
4365	2901	2057	2508	8302	6926	4123	2178	1486	5396	
7575	3982	4554	1738	4687	2517	5084	5200	3990	7656	
2442	7505	2453	6651	9925	24	6076	3647	6271	710	
2252	456	9966	3787	3463	5077	8370	2287	3866	8416	
602	51	1598	2323	1290	4501	5656	3616	1547	1212	
9569	9317	1392	1046	8842	6388	9451	1609	891	7320	
6326	6879	6251	1834	1563	39	2266	7157	6841	642	
1245	3838	5187	7347	5971	5397	6047	3080	1723	7268	
8807	9321	3978	8538	4546	8029	3395	1558	8747	9205	
2815	5604	1807	7259	964	4624	2199	7348	1564	8563	
4527	542	603	1321	6254	7298	6556	3251	3550	4715	
3204	5675	3744	332	3041	1234	7021	4005	1490	9586	
8694	4700	7389	7209	4122	6750	1686	8504	6072	6424	
7074	7120	4995	5055	1920	7638	4779	4286	2955	1278	
9022	3964	6360	5177	5100	7837	1474	7250	7678	5024	

